data/moored_CTD_test_data/raw_data/AT200_21_22_SBE37_15252_113m.cnv
* Sea-Bird SBE37SM-RS232  Data File:
* FileName = C:\Users\ceslav\Desktop\Rigg\Data 2022\AT200\Seabirds\15252\SBE37SM-RS232_03715252_2022_10_06.hex
* Software version SeatermV2 2.8.0.119
* Temperature SN = 15252
* Conductivity SN = 15252
* System UpLoad Time = Oct 06 2022 19:36:24
* sample interval = 900 seconds
* <ApplicationData>
# nquan = 9
# nvalues = 31954                                 
# units = specified
# name 0 = cond0mS/cm: Conductivity [mS/cm]
# name 1 = prdM: Pressure, Strain Gauge [db]
# name 2 = sal00: Salinity, Practical [PSU]
# name 3 = tv290C: Temperature [ITS-90, deg C]
# name 4 = timeS: Time, Elapsed [seconds]
# name 5 = timeM: Time, Elapsed [minutes]
# name 6 = timeH: Time, Elapsed [hours]
# name 7 = timeJ: Julian Days
# name 8 = flag:  0.000e+00
# span 0 =  -0.007637,  37.209717                 
# span 1 =     -0.605,    117.882                 
# span 2 =     0.0000,    35.3969                 
# span 3 =    -4.2238,    12.4289                 
# span 4 =      0.000, 28757700.0                 
# span 5 =     0.0000, 479295.000                 
# span 6 =    0.00000, 7988.25000                 
# span 7 = 311.958345, 644.802095                 
# span 8 = 0.0000e+00, 0.0000e+00                 
# interval = seconds: 900
# start_time = Nov 07 2021 23:00:01 [Instrument's time stamp, first data scan]
# bad_flag = -9.990e-29
*END*
[from data line 3041]
  31.184917    114.256    34.7440     2.6377 2736900.00 45615.0000  760.25000 343.635428  0.000e+00
  31.138944    114.221    34.7027     2.6235 2737800.00 45630.0000  760.50000 343.645845  0.000e+00
  31.264918    114.246    34.6965     2.7725 2738700.00 45645.0000  760.75000 343.656262  0.000e+00
  31.244707    114.154    34.7723     2.6797 2739600.00 45660.0000  761.00000 343.666678  0.000e+00
  31.274081    114.198    34.7684     2.7166 2740500.00 45675.0000  761.25000 343.677095  0.000e+00
  31.178206    114.148    34.7706     2.6057 2741400.00 45690.0000  761.50000 343.687512  0.000e+00
  31.183430    114.145    34.7187     2.6595 2742300.00 45705.0000  761.75000 343.697928  0.000e+00
  31.092587    114.223    34.7369     2.5393 2743200.00 45720.0000  762.00000 343.708345  0.000e+00
  30.875213    114.325    34.7363     2.2920 2744100.00 45735.0000  762.25000 343.718762  0.000e+00
  30.805525    114.398    34.7175     2.2296 2745000.00 45750.0000  762.50000 343.729178  0.000e+00
  31.120485    114.457    34.7507     2.5582 2745900.00 45765.0000  762.75000 343.739595  0.000e+00
  31.160743    114.419    34.7650     2.5909 2746800.00 45780.0000  763.00000 343.750012  0.000e+00
  31.078586    114.439    34.7538     2.5077 2747700.00 45795.0000  763.25000 343.760428  0.000e+00
  31.159257    114.284    34.7593     2.5945 2748600.00 45810.0000  763.50000 343.770845  0.000e+00
  31.012159    114.179    34.7330     2.4513 2749500.00 45825.0000  763.75000 343.781262  0.000e+00
  31.146786    114.091    34.7649     2.5753 2750400.00 45840.0000  764.00000 343.791678  0.000e+00
  30.981219    114.047    34.7327     2.4164 2751300.00 45855.0000  764.25000 343.802095  0.000e+00
  30.985545    113.935    34.7371     2.4173 2752200.00 45870.0000  764.50000 343.812512  0.000e+00
  30.981929    113.904    34.7278     2.4218 2753100.00 45885.0000  764.75000 343.822928  0.000e+00
  31.031250    113.816    34.7442     2.4630 2754000.00 45900.0000  765.00000 343.833345  0.000e+00
  30.990701    113.769    34.7410     2.4198 2754900.00 45915.0000  765.25000 343.843762  0.000e+00
  30.997398    113.738    34.7392     2.4291 2755800.00 45930.0000  765.50000 343.854178  0.000e+00
  31.011682    113.717    34.7088     2.4732 2756700.00 45945.0000  765.75000 343.864595  0.000e+00
  31.085345    113.703    34.7216     2.5454 2757600.00 45960.0000  766.00000 343.875012  0.000e+00
  31.113122    113.660    34.7498     2.5511 2758500.00 45975.0000  766.25000 343.885428  0.000e+00
  31.140964    113.629    34.7426     2.5894 2759400.00 45990.0000  766.50000 343.895845  0.000e+00
  31.150825    113.638    34.7992     2.5486 2760300.00 46005.0000  766.75000 343.906262  0.000e+00
  31.061853    113.611    34.7415     2.5004 2761200.00 46020.0000  767.00000 343.916678  0.000e+00
  31.015300    113.600    34.7465     2.4428 2762100.00 46035.0000  767.25000 343.927095  0.000e+00
  31.195908    113.595    34.7625     2.6336 2763000.00 46050.0000  767.50000 343.937512  0.000e+00
  31.212488    113.608    34.7701     2.6454 2763900.00 46065.0000  767.75000 343.947928  0.000e+00
  31.185037    113.702    34.7761     2.6087 2764800.00 46080.0000  768.00000 343.958345  0.000e+00
  31.068735    113.741    34.7504     2.4999 2765700.00 46095.0000  768.25000 343.968762  0.000e+00
  31.135919    113.708    34.7590     2.5686 2766600.00 46110.0000  768.50000 343.979178  0.000e+00
  31.137166    113.759    34.7597     2.5693 2767500.00 46125.0000  768.75000 343.989595  0.000e+00
  31.153198    113.815    34.7591     2.5880 2768400.00 46140.0000  769.00000 344.000012  0.000e+00
  31.114013    113.790    34.7612     2.5416 2769300.00 46155.0000  769.25000 344.010428  0.000e+00
  31.126834    113.728    34.7481     2.5683 2770200.00 46170.0000  769.50000 344.020845  0.000e+00
  31.163415    113.762    34.7762     2.5839 2771100.00 46185.0000  769.75000 344.031262  0.000e+00
  31.150110    113.824    34.7578     2.5857 2772000.00 46200.0000  770.00000 344.041678  0.000e+00
  31.000244    113.798    34.7438     2.4280 2772900.00 46215.0000  770.25000 344.052095  0.000e+00
  31.086178    113.872    34.7468     2.5230 2773800.00 46230.0000  770.50000 344.062512  0.000e+00
  31.059659    113.921    34.7437     2.4957 2774700.00 46245.0000  770.75000 344.072928  0.000e+00
  31.074490    114.016    34.7501     2.5066 2775600.00 46260.0000  771.00000 344.083345  0.000e+00
  31.078406    114.210    34.7449     2.5158 2776500.00 46275.0000  771.25000 344.093762  0.000e+00
  31.542694    114.172    34.7997     2.9921 2777400.00 46290.0000  771.50000 344.104178  0.000e+00
  31.650171    114.180    34.8117     3.1025 2778300.00 46305.0000  771.75000 344.114595  0.000e+00
  31.696131    114.285    34.8252     3.1418 2779200.00 46320.0000  772.00000 344.125012  0.000e+00
  31.637028    114.359    34.8114     3.0878 2780100.00 46335.0000  772.25000 344.135428  0.000e+00
  31.643420    114.077    34.8223     3.0851 2781000.00 46350.0000  772.50000 344.145845  0.000e+00
  31.612240    114.058    34.8144     3.0573 2781900.00 46365.0000  772.75000 344.156262  0.000e+00
  31.553257    114.171    34.8119     2.9928 2782800.00 46380.0000  773.00000 344.166678  0.000e+00
  31.434762    114.162    34.7900     2.8790 2783700.00 46395.0000  773.25000 344.177095  0.000e+00
  31.221170    114.222    34.8225     2.6068 2784600.00 46410.0000  773.50000 344.187512  0.000e+00
  31.146070    114.099    34.7137     2.6215 2785500.00 46425.0000  773.75000 344.197928  0.000e+00
  31.176422    114.114    34.7566     2.6165 2786400.00 46440.0000  774.00000 344.208345  0.000e+00
  31.083391    114.291    34.7464     2.5201 2787300.00 46455.0000  774.25000 344.218762  0.000e+00
  30.996036    114.397    34.7260     2.4392 2788200.00 46470.0000  774.50000 344.229178  0.000e+00
  31.281993    114.409    34.7787     2.7160 2789100.00 46485.0000  774.75000 344.239595  0.000e+00
  31.158783    114.368    34.7656     2.5881 2790000.00 46500.0000  775.00000 344.250012  0.000e+00
  31.174820    114.338    34.7655     2.6065 2790900.00 46515.0000  775.25000 344.260428  0.000e+00
  31.235017    114.329    34.7749     2.6662 2791800.00 46530.0000  775.50000 344.270845  0.000e+00
  31.307812    114.290    34.7806     2.7436 2792700.00 46545.0000  775.75000 344.281262  0.000e+00
  31.356733    114.146    34.7728     2.8064 2793600.00 46560.0000  776.00000 344.291678  0.000e+00
  31.378646    114.060    34.7914     2.8141 2794500.00 46575.0000  776.25000 344.302095  0.000e+00
  31.431368    114.106    34.8297     2.8385 2795400.00 46590.0000  776.50000 344.312512  0.000e+00
  31.440602    114.043    34.7974     2.8788 2796300.00 46605.0000  776.75000 344.322928  0.000e+00
  31.648199    113.965    34.8198     3.0930 2797200.00 46620.0000  777.00000 344.333345  0.000e+00
  31.805844    113.911    34.8529     3.2402 2798100.00 46635.0000  777.25000 344.343762  0.000e+00
  31.860816    113.834    34.8813     3.2757 2799000.00 46650.0000  777.50000 344.354178  0.000e+00
  31.849913    113.736    34.8621     3.2813 2799900.00 46665.0000  777.75000 344.364595  0.000e+00
  31.892868    113.667    34.8681     3.3242 2800800.00 46680.0000  778.00000 344.375012  0.000e+00
  31.936085    113.616    34.8792     3.3625 2801700.00 46695.0000  778.25000 344.385428  0.000e+00
  31.935965    113.597    34.8788     3.3628 2802600.00 46710.0000  778.50000 344.395845  0.000e+00
  31.900119    113.580    34.8670     3.3334 2803500.00 46725.0000  778.75000 344.406262  0.000e+00
  31.894785    113.549    34.8733     3.3215 2804400.00 46740.0000  779.00000 344.416678  0.000e+00
  31.882501    113.525    34.8631     3.3172 2805300.00 46755.0000  779.25000 344.427095  0.000e+00
  31.508987    113.510    34.8200     2.9356 2806200.00 46770.0000  779.50000 344.437512  0.000e+00
  31.500339    113.497    34.8162     2.9293 2807100.00 46785.0000  779.75000 344.447928  0.000e+00
  31.398598    113.490    34.8194     2.8112 2808000.00 46800.0000  780.00000 344.458345  0.000e+00
  31.327446    113.487    34.7780     2.7687 2808900.00 46815.0000  780.25000 344.468762  0.000e+00
  31.317865    113.481    34.7872     2.7493 2809800.00 46830.0000  780.50000 344.479178  0.000e+00
  31.213676    113.501    34.7725     2.6446 2810700.00 46845.0000  780.75000 344.489595  0.000e+00
  31.176837    113.526    34.7631     2.6114 2811600.00 46860.0000  781.00000 344.500012  0.000e+00
  31.131227    113.541    34.7475     2.5738 2812500.00 46875.0000  781.25000 344.510428  0.000e+00
  31.083270    113.537    34.7480     2.5188 2813400.00 46890.0000  781.50000 344.520845  0.000e+00
  31.049159    113.588    34.7394     2.4879 2814300.00 46905.0000  781.75000 344.531262  0.000e+00
  31.045838    113.532    34.7409     2.4827 2815200.00 46920.0000  782.00000 344.541678  0.000e+00
  30.874914    113.677    34.7215     2.3056 2816100.00 46935.0000  782.25000 344.552095  0.000e+00
  30.929381    113.745    34.7244     2.3651 2817000.00 46950.0000  782.50000 344.562512  0.000e+00
  30.988034    113.719    34.7393     2.4182 2817900.00 46965.0000  782.75000 344.572928  0.000e+00
  31.394964    113.621    34.7966     2.8280 2818800.00 46980.0000  783.00000 344.583345  0.000e+00
  31.560595    113.573    34.7983     3.0140 2819700.00 46995.0000  783.25000 344.593762  0.000e+00
  31.601429    113.574    34.8133     3.0463 2820600.00 47010.0000  783.50000 344.604178  0.000e+00
  31.594742    113.625    34.8172     3.0351 2821500.00 47025.0000  783.75000 344.614595  0.000e+00
  31.568654    113.633    34.8115     3.0109 2822400.00 47040.0000  784.00000 344.625012  0.000e+00
  31.555642    113.689    34.8023     3.0046 2823300.00 47055.0000  784.25000 344.635428  0.000e+00
  31.538516    113.689    34.8043     2.9834 2824200.00 47070.0000  784.50000 344.645845  0.000e+00
  31.513042    113.683    34.8023     2.9564 2825100.00 47085.0000  784.75000 344.656262  0.000e+00
  31.449540    113.703    34.7790     2.9061 2826000.00 47100.0000  785.00000 344.666678  0.000e+00
  31.432615    113.731    34.7872     2.8793 2826900.00 47115.0000  785.25000 344.677095  0.000e+00
  31.317330    113.749    34.7776     2.7575 2827800.00 47130.0000  785.50000 344.687512  0.000e+00
  30.998879    113.810    34.7290     2.4400 2828700.00 47145.0000  785.75000 344.697928  0.000e+00
  31.253862    113.816    34.7791     2.6840 2829600.00 47160.0000  786.00000 344.708345  0.000e+00
  30.845566    114.030    34.7206     2.2727 2830500.00 47175.0000  786.25000 344.718762  0.000e+00
  30.962790    114.118    34.7132     2.4132 2831400.00 47190.0000  786.50000 344.729178  0.000e+00
  31.001310    114.172    34.7228     2.4483 2832300.00 47205.0000  786.75000 344.739595  0.000e+00
  31.163000    114.178    34.7746     2.5847 2833200.00 47220.0000  787.00000 344.750012  0.000e+00
  31.203100    114.176    34.7683     2.6361 2834100.00 47235.0000  787.25000 344.760428  0.000e+00
  31.273844    114.182    34.7816     2.7042 2835000.00 47250.0000  787.50000 344.770845  0.000e+00
  31.350960    114.171    34.7898     2.7842 2835900.00 47265.0000  787.75000 344.781262  0.000e+00
  31.383351    114.077    34.7913     2.8195 2836800.00 47280.0000  788.00000 344.791678  0.000e+00
  31.513103    114.006    34.8068     2.9522 2837700.00 47295.0000  788.25000 344.802095  0.000e+00
  31.602865    113.959    34.8254     3.0365 2838600.00 47310.0000  788.50000 344.812512  0.000e+00
  31.646885    113.920    34.8252     3.0864 2839500.00 47325.0000  788.75000 344.822928  0.000e+00
  31.755276    113.913    34.8397     3.1954 2840400.00 47340.0000  789.00000 344.833345  0.000e+00
  31.877289    113.857    34.8643     3.3101 2841300.00 47355.0000  789.25000 344.843762  0.000e+00
  31.935066    113.801    34.8748     3.3654 2842200.00 47370.0000  789.50000 344.854178  0.000e+00
  31.977585    113.769    34.8805     3.4079 2843100.00 47385.0000  789.75000 344.864595  0.000e+00
  31.998042    113.756    34.8772     3.4339 2844000.00 47400.0000  790.00000 344.875012  0.000e+00
  31.969607    113.725    34.8867     3.3932 2844900.00 47415.0000  790.25000 344.885428  0.000e+00
  31.907132    113.702    34.8792     3.3299 2845800.00 47430.0000  790.50000 344.895845  0.000e+00
  31.909349    113.678    34.8742     3.3371 2846700.00 47445.0000  790.75000 344.906262  0.000e+00
  31.873754    113.661    34.8625     3.3079 2847600.00 47460.0000  791.00000 344.916678  0.000e+00
  31.875132    113.636    34.8692     3.3032 2848500.00 47475.0000  791.25000 344.927095  0.000e+00
  31.884060    113.605    34.8721     3.3106 2849400.00 47490.0000  791.50000 344.937512  0.000e+00
  31.893826    113.599    34.8660     3.3272 2850300.00 47505.0000  791.75000 344.947928  0.000e+00
  31.887715    113.580    34.8767     3.3104 2851200.00 47520.0000  792.00000 344.958345  0.000e+00
  31.623406    113.551    34.8073     3.0767 2852100.00 47535.0000  792.25000 344.968762  0.000e+00
  31.525211    113.542    34.8025     2.9701 2853000.00 47550.0000  792.50000 344.979178  0.000e+00
  31.518293    113.516    34.8249     2.9416 2853900.00 47565.0000  792.75000 344.989595  0.000e+00
  31.416289    113.515    34.7987     2.8504 2854800.00 47580.0000  793.00000 345.000012  0.000e+00
  31.313701    113.566    34.7904     2.7417 2855700.00 47595.0000  793.25000 345.010428  0.000e+00
  31.340005    113.510    34.7865     2.7751 2856600.00 47610.0000  793.50000 345.020845  0.000e+00
  31.274854    113.501    34.7916     2.6965 2857500.00 47625.0000  793.75000 345.031262  0.000e+00
  31.282407    113.499    34.7746     2.7207 2858400.00 47640.0000  794.00000 345.041678  0.000e+00
  31.238403    113.563    34.7724     2.6728 2859300.00 47655.0000  794.25000 345.052095  0.000e+00
  31.212369    113.589    34.7679     2.6473 2860200.00 47670.0000  794.50000 345.062512  0.000e+00
  31.095079    113.580    34.7537     2.5271 2861100.00 47685.0000  794.75000 345.072928  0.000e+00
  31.098759    113.711    34.7509     2.5337 2862000.00 47700.0000  795.00000 345.083345  0.000e+00
  31.070396    113.650    34.7471     2.5050 2862900.00 47715.0000  795.25000 345.093762  0.000e+00
  30.850652    113.724    34.7032     2.2947 2863800.00 47730.0000  795.50000 345.104178  0.000e+00
  30.985781    113.745    34.7349     2.4198 2864700.00 47745.0000  795.75000 345.114595  0.000e+00
  30.903150    113.685    34.7322     2.3280 2865600.00 47760.0000  796.00000 345.125012  0.000e+00
  30.880892    113.736    34.7177     2.3159 2866500.00 47775.0000  796.25000 345.135428  0.000e+00
  30.865504    113.727    34.7149     2.3008 2867400.00 47790.0000  796.50000 345.145845  0.000e+00
  30.880300    113.729    34.7184     2.3145 2868300.00 47805.0000  796.75000 345.156262  0.000e+00
  30.899894    113.733    34.7366     2.3203 2869200.00 47820.0000  797.00000 345.166678  0.000e+00
  30.895928    113.741    34.7361     2.3162 2870100.00 47835.0000  797.25000 345.177095  0.000e+00
  30.764844    113.757    34.6278     2.2657 2871000.00 47850.0000  797.50000 345.187512  0.000e+00
  30.868817    113.841    34.6961     2.3219 2871900.00 47865.0000  797.75000 345.197928  0.000e+00
  30.971084    113.906    34.7144     2.4217 2872800.00 47880.0000  798.00000 345.208345  0.000e+00
  31.160325    113.949    34.7520     2.6026 2873700.00 47895.0000  798.25000 345.218762  0.000e+00
  31.052601    114.084    34.7485     2.4832 2874600.00 47910.0000  798.50000 345.229178  0.000e+00
  31.231033    114.133    34.7622     2.6735 2875500.00 47925.0000  798.75000 345.239595  0.000e+00
  31.286453    114.117    34.7720     2.7274 2876400.00 47940.0000  799.00000 345.250012  0.000e+00
  31.359115    114.066    34.7810     2.8015 2877300.00 47955.0000  799.25000 345.260428  0.000e+00
  31.376562    114.009    34.7922     2.8110 2878200.00 47970.0000  799.50000 345.270845  0.000e+00
  31.397466    113.986    34.7946     2.8325 2879100.00 47985.0000  799.75000 345.281262  0.000e+00
