data/moored_CTD_test_data/raw_data/AT200_21_22_SBE37_15252_113m.cnv
* Sea-Bird SBE37SM-RS232  Data File:
* FileName = C:\Users\ceslav\Desktop\Rigg\Data 2022\AT200\Seabirds\15252\SBE37SM-RS232_03715252_2022_10_06.hex
* Software version SeatermV2 2.8.0.119
* Temperature SN = 15252
* Conductivity SN = 15252
* System UpLoad Time = Oct 06 2022 19:36:24
* sample interval = 900 seconds
* <ApplicationData>
# nquan = 9
# nvalues = 31954                                 
# units = specified
# name 0 = cond0mS/cm: Conductivity [mS/cm]
# name 1 = prdM: Pressure, Strain Gauge [db]
# name 2 = sal00: Salinity, Practical [PSU]
# name 3 = tv290C: Temperature [ITS-90, deg C]
# name 4 = timeS: Time, Elapsed [seconds]
# name 5 = timeM: Time, Elapsed [minutes]
# name 6 = timeH: Time, Elapsed [hours]
# name 7 = timeJ: Julian Days
# name 8 = flag:  0.000e+00
# span 0 =  -0.007637,  37.209717                 
# span 1 =     -0.605,    117.882                 
# span 2 =     0.0000,    35.3969                 
# span 3 =    -4.2238,    12.4289                 
# span 4 =      0.000, 28757700.0                 
# span 5 =     0.0000, 479295.000                 
# span 6 =    0.00000, 7988.25000                 
# span 7 = 311.958345, 644.802095                 
# span 8 = 0.0000e+00, 0.0000e+00                 
# interval = seconds: 900
# start_time = Nov 07 2021 23:00:01 [Instrument's time stamp, first data scan]
# bad_flag = -9.990e-29
*END*
[from data line 19841]
  28.525137    114.283    34.6415    -0.3456 17856900.0 297615.000 4960.25000 518.635428  0.000e+00
  28.494930    114.235    34.6355    -0.3758 17857800.0 297630.000 4960.50000 518.645845  0.000e+00
  28.598063    114.160    34.6915    -0.3036 17858700.0 297645.000 4960.75000 518.656262  0.000e+00
  28.796379    114.116    34.6644    -0.0471 17859600.0 297660.000 4961.00000 518.666678  0.000e+00
  28.800357    114.103    34.6718    -0.0490 17860500.0 297675.000 4961.25000 518.677095  0.000e+00
  28.818750    114.133    34.6955    -0.0483 17861400.0 297690.000 4961.50000 518.687512  0.000e+00
  29.026774    114.072    34.7011     0.1901 17862300.0 297705.000 4961.75000 518.697928  0.000e+00
  28.847929    113.995    34.6726     0.0061 17863200.0 297720.000 4962.00000 518.708345  0.000e+00
  28.773672    113.961    34.6718    -0.0801 17864100.0 297735.000 4962.25000 518.718762  0.000e+00
  28.674334    113.907    34.6671    -0.1925 17865000.0 297750.000 4962.50000 518.729178  0.000e+00
  28.858254    113.873    34.6757     0.0155 17865900.0 297765.000 4962.75000 518.739595  0.000e+00
  29.120197    113.823    34.6567     0.3387 17866800.0 297780.000 4963.00000 518.750012  0.000e+00
  29.303102    113.768    34.7580     0.4619 17867700.0 297795.000 4963.25000 518.760428  0.000e+00
  29.375892    113.760    34.7269     0.5742 17868600.0 297810.000 4963.50000 518.770845  0.000e+00
  29.306929    113.712    34.7219     0.4985 17869500.0 297825.000 4963.75000 518.781262  0.000e+00
  29.395291    113.692    34.7212     0.6018 17870400.0 297840.000 4964.00000 518.791678  0.000e+00
  29.395989    113.637    34.7340     0.5913 17871300.0 297855.000 4964.25000 518.802095  0.000e+00
  29.390761    113.624    34.7435     0.5768 17872200.0 297870.000 4964.50000 518.812512  0.000e+00
  29.395408    113.606    34.7417     0.5837 17873100.0 297885.000 4964.75000 518.822928  0.000e+00
  29.306116    113.619    34.7172     0.5017 17874000.0 297900.000 4965.00000 518.833345  0.000e+00
  29.172082    113.614    34.7155     0.3471 17874900.0 297915.000 4965.25000 518.843762  0.000e+00
  28.924564    113.641    34.6589     0.1082 17875800.0 297930.000 4965.50000 518.854178  0.000e+00
  28.544266    113.681    34.6736    -0.3509 17876700.0 297945.000 4965.75000 518.864595  0.000e+00
  28.625199    113.685    34.6335    -0.2205 17877600.0 297960.000 4966.00000 518.875012  0.000e+00
  28.835068    113.661    34.7122    -0.0436 17878500.0 297975.000 4966.25000 518.885428  0.000e+00
  28.445912    113.747    34.6270    -0.4259 17879400.0 297990.000 4966.50000 518.895845  0.000e+00
  28.501759    113.741    34.6027    -0.3387 17880300.0 298005.000 4966.75000 518.906262  0.000e+00
  28.546621    113.791    34.6478    -0.3255 17881200.0 298020.000 4967.00000 518.916678  0.000e+00
  28.461980    113.812    34.6390    -0.4175 17882100.0 298035.000 4967.25000 518.927095  0.000e+00
  28.402088    113.899    34.6301    -0.4803 17883000.0 298050.000 4967.50000 518.937512  0.000e+00
  28.548976    113.778    34.6414    -0.3172 17883900.0 298065.000 4967.75000 518.947928  0.000e+00
  28.350782    113.822    34.6266    -0.5377 17884800.0 298080.000 4968.00000 518.958345  0.000e+00
  28.339608    113.915    34.6207    -0.5457 17885700.0 298095.000 4968.25000 518.968762  0.000e+00
  28.362415    113.878    34.6200    -0.5182 17886600.0 298110.000 4968.50000 518.979178  0.000e+00
  28.416196    113.887    34.6272    -0.4611 17887500.0 298125.000 4968.75000 518.989595  0.000e+00
  28.472311    113.889    34.6314    -0.3986 17888400.0 298140.000 4969.00000 519.000012  0.000e+00
  28.420268    113.899    34.6232    -0.4528 17889300.0 298155.000 4969.25000 519.010428  0.000e+00
  28.313485    113.956    34.6232    -0.5788 17890200.0 298170.000 4969.50000 519.020845  0.000e+00
  28.172425    113.975    34.6077    -0.7319 17891100.0 298185.000 4969.75000 519.031262  0.000e+00
  28.346140    113.995    34.6267    -0.5433 17892000.0 298200.000 4970.00000 519.041678  0.000e+00
  28.564491    114.002    34.6350    -0.2935 17892900.0 298215.000 4970.25000 519.052095  0.000e+00
  28.835932    114.004    34.6649    -0.0011 17893800.0 298230.000 4970.50000 519.062512  0.000e+00
  28.497861    114.136    34.6902    -0.4203 17894700.0 298245.000 4970.75000 519.072928  0.000e+00
  28.833567    114.185    34.6620    -0.0014 17895600.0 298260.000 4971.00000 519.083345  0.000e+00
  28.960893    114.257    34.6861     0.1263 17896500.0 298275.000 4971.25000 519.093762  0.000e+00
  28.944548    114.245    34.6939     0.1003 17897400.0 298290.000 4971.50000 519.104178  0.000e+00
  28.886297    114.327    34.6803     0.0441 17898300.0 298305.000 4971.75000 519.114595  0.000e+00
  28.908230    114.364    34.6828     0.0676 17899200.0 298320.000 4972.00000 519.125012  0.000e+00
  28.755872    114.353    34.7148    -0.1391 17900100.0 298335.000 4972.25000 519.135428  0.000e+00
  28.448436    114.340    34.5910    -0.3916 17901000.0 298350.000 4972.50000 519.145845  0.000e+00
  28.651142    114.324    34.6067    -0.1668 17901900.0 298365.000 4972.75000 519.156262  0.000e+00
  28.708584    114.349    34.6533    -0.1404 17902800.0 298380.000 4973.00000 519.166678  0.000e+00
  28.862986    114.281    34.6867     0.0112 17903700.0 298395.000 4973.25000 519.177095  0.000e+00
  28.930169    114.195    34.7029     0.0755 17904600.0 298410.000 4973.50000 519.187512  0.000e+00
  28.977128    114.175    34.7061     0.1276 17905500.0 298425.000 4973.75000 519.197928  0.000e+00
  28.957889    114.135    34.6753     0.1324 17906400.0 298440.000 4974.00000 519.208345  0.000e+00
  28.954309    114.115    34.6956     0.1102 17907300.0 298455.000 4974.25000 519.218762  0.000e+00
  29.047935    114.058    34.6679     0.2442 17908200.0 298470.000 4974.50000 519.229178  0.000e+00
  29.409411    113.987    34.7490     0.5933 17909100.0 298485.000 4974.75000 519.239595  0.000e+00
  29.456775    113.958    34.7328     0.6627 17910000.0 298500.000 4975.00000 519.250012  0.000e+00
  29.467182    113.899    34.7363     0.6718 17910900.0 298515.000 4975.25000 519.260428  0.000e+00
  30.352560    113.832    34.8627     1.5796 17911800.0 298530.000 4975.50000 519.270845  0.000e+00
  30.610398    113.791    34.8692     1.8689 17912700.0 298545.000 4975.75000 519.281262  0.000e+00
  30.459113    113.794    34.8169     1.7432 17913600.0 298560.000 4976.00000 519.291678  0.000e+00
  30.079609    113.752    34.8177     1.3068 17914500.0 298575.000 4976.25000 519.302095  0.000e+00
  30.046565    113.746    34.7811     1.3016 17915400.0 298590.000 4976.50000 519.312512  0.000e+00
  29.391804    113.766    34.6941     0.6219 17916300.0 298605.000 4976.75000 519.322928  0.000e+00
  29.411731    113.721    34.7072     0.6334 17917200.0 298620.000 4977.00000 519.333345  0.000e+00
  29.263311    113.726    34.7910     0.3864 17918100.0 298635.000 4977.25000 519.343762  0.000e+00
  29.070608    113.725    34.6936     0.2481 17919000.0 298650.000 4977.50000 519.354178  0.000e+00
  28.638085    113.736    34.6569    -0.2261 17919900.0 298665.000 4977.75000 519.364595  0.000e+00
  28.819385    113.695    34.7337    -0.0810 17920800.0 298680.000 4978.00000 519.375012  0.000e+00
  29.187950    113.701    34.6455     0.4277 17921700.0 298695.000 4978.25000 519.385428  0.000e+00
  29.227882    113.736    34.7128     0.4145 17922600.0 298710.000 4978.50000 519.395845  0.000e+00
  28.793555    113.723    34.6834    -0.0669 17923500.0 298725.000 4978.75000 519.406262  0.000e+00
  28.707950    113.720    34.6649    -0.1510 17924400.0 298740.000 4979.00000 519.416678  0.000e+00
  28.886926    113.721    34.6158     0.1022 17925300.0 298755.000 4979.25000 519.427095  0.000e+00
  28.743877    113.716    34.5293     0.0109 17926200.0 298770.000 4979.50000 519.437512  0.000e+00
  28.454981    113.692    34.6706    -0.4533 17927100.0 298785.000 4979.75000 519.447928  0.000e+00
  28.375428    113.737    34.6349    -0.5158 17928000.0 298800.000 4980.00000 519.458345  0.000e+00
  28.471679    113.738    34.6352    -0.4027 17928900.0 298815.000 4980.25000 519.468762  0.000e+00
  28.639638    113.713    34.6589    -0.2259 17929800.0 298830.000 4980.50000 519.479178  0.000e+00
  28.522437    113.769    34.6597    -0.3644 17930700.0 298845.000 4980.75000 519.489595  0.000e+00
  28.453257    113.829    34.6357    -0.4248 17931600.0 298860.000 4981.00000 519.500012  0.000e+00
  28.865581    113.847    34.6866     0.0145 17932500.0 298875.000 4981.25000 519.510428  0.000e+00
  28.864427    113.878    34.6758     0.0227 17933400.0 298890.000 4981.50000 519.520845  0.000e+00
  28.810330    113.892    34.6815    -0.0457 17934300.0 298905.000 4981.75000 519.531262  0.000e+00
  28.884160    113.894    34.6748     0.0467 17935200.0 298920.000 4982.00000 519.541678  0.000e+00
  28.852141    113.915    34.7039    -0.0165 17936100.0 298935.000 4982.25000 519.552095  0.000e+00
  28.865177    113.958    34.6766     0.0229 17937000.0 298950.000 4982.50000 519.562512  0.000e+00
  28.825495    114.075    34.6792    -0.0260 17937900.0 298965.000 4982.75000 519.572928  0.000e+00
  28.828897    114.207    34.6756    -0.0189 17938800.0 298980.000 4983.00000 519.583345  0.000e+00
  28.885085    114.302    34.6797     0.0432 17939700.0 298995.000 4983.25000 519.593762  0.000e+00
  28.799493    114.367    34.6656    -0.0446 17940600.0 299010.000 4983.50000 519.604178  0.000e+00
  28.670191    114.463    34.6565    -0.1884 17941500.0 299025.000 4983.75000 519.614595  0.000e+00
  28.516406    114.495    34.6221    -0.3389 17942400.0 299040.000 4984.00000 519.625012  0.000e+00
  28.397502    114.362    34.6314    -0.4871 17943300.0 299055.000 4984.25000 519.635428  0.000e+00
  28.547770    114.248    34.6392    -0.3169 17944200.0 299070.000 4984.50000 519.645845  0.000e+00
  28.675599    114.226    34.6476    -0.1740 17945100.0 299085.000 4984.75000 519.656262  0.000e+00
  28.422392    114.212    34.6298    -0.4562 17946000.0 299100.000 4985.00000 519.666678  0.000e+00
  28.581504    114.166    34.6444    -0.2818 17946900.0 299115.000 4985.25000 519.677095  0.000e+00
  29.040534    114.127    34.6904     0.2156 17947800.0 299130.000 4985.50000 519.687512  0.000e+00
  29.077553    114.101    34.7280     0.2256 17948700.0 299145.000 4985.75000 519.697928  0.000e+00
  29.078362    114.067    34.7138     0.2391 17949600.0 299160.000 4986.00000 519.708345  0.000e+00
  29.042903    114.029    34.6635     0.2422 17950500.0 299175.000 4986.25000 519.718762  0.000e+00
  29.181235    113.999    34.7037     0.3680 17951400.0 299190.000 4986.50000 519.729178  0.000e+00
  29.238547    113.921    34.6908     0.4463 17952300.0 299205.000 4986.75000 519.739595  0.000e+00
  29.310469    113.856    34.7326     0.4930 17953200.0 299220.000 4987.00000 519.750012  0.000e+00
  29.350169    113.830    34.7290     0.5423 17954100.0 299235.000 4987.25000 519.760428  0.000e+00
  29.355684    113.797    34.7260     0.5514 17955000.0 299250.000 4987.50000 519.770845  0.000e+00
  29.463518    113.714    34.7269     0.6760 17955900.0 299265.000 4987.75000 519.781262  0.000e+00
  29.388960    113.666    34.7374     0.5801 17956800.0 299280.000 4988.00000 519.791678  0.000e+00
  29.337629    113.663    34.7248     0.5315 17957700.0 299295.000 4988.25000 519.802095  0.000e+00
  29.370375    113.624    34.7361     0.5597 17958600.0 299310.000 4988.50000 519.812512  0.000e+00
  29.466537    113.588    34.6653     0.7345 17959500.0 299325.000 4988.75000 519.822928  0.000e+00
  29.583956    113.567    34.6349     0.8982 17960400.0 299340.000 4989.00000 519.833345  0.000e+00
  29.479863    113.537    34.8152     0.6164 17961300.0 299355.000 4989.25000 519.843762  0.000e+00
  29.977309    113.519    34.8742     1.1385 17962200.0 299370.000 4989.50000 519.854178  0.000e+00
  29.074658    113.558    34.7013     0.2461 17963100.0 299385.000 4989.75000 519.864595  0.000e+00
  28.991860    113.556    34.6883     0.1609 17964000.0 299400.000 4990.00000 519.875012  0.000e+00
  28.933862    113.578    34.6779     0.1022 17964900.0 299415.000 4990.25000 519.885428  0.000e+00
  29.057131    113.585    34.7026     0.2245 17965800.0 299430.000 4990.50000 519.895845  0.000e+00
  29.010642    113.566    34.6758     0.1939 17966700.0 299445.000 4990.75000 519.906262  0.000e+00
  29.225215    113.544    34.7067     0.4169 17967600.0 299460.000 4991.00000 519.916678  0.000e+00
  29.177065    113.528    34.7494     0.3229 17968500.0 299475.000 4991.25000 519.927095  0.000e+00
  29.059849    113.549    34.6971     0.2326 17969400.0 299490.000 4991.50000 519.937512  0.000e+00
  28.989606    113.619    34.6920     0.1550 17970300.0 299505.000 4991.75000 519.947928  0.000e+00
  29.114932    113.548    34.7101     0.2854 17971200.0 299520.000 4992.00000 519.958345  0.000e+00
  29.124888    113.546    34.7018     0.3043 17972100.0 299535.000 4992.25000 519.968762  0.000e+00
  28.982210    113.562    34.6987     0.1404 17973000.0 299550.000 4992.50000 519.979178  0.000e+00
  29.021569    113.533    34.6896     0.1945 17973900.0 299565.000 4992.75000 519.989595  0.000e+00
  29.050192    113.537    34.7212     0.1999 17974800.0 299580.000 4993.00000 520.000012  0.000e+00
  29.019834    113.549    34.6785     0.2023 17975700.0 299595.000 4993.25000 520.010428  0.000e+00
  29.105037    113.605    34.7376     0.2494 17976600.0 299610.000 4993.50000 520.020845  0.000e+00
  29.084434    113.597    34.6871     0.2701 17977500.0 299625.000 4993.75000 520.031262  0.000e+00
  29.070205    113.642    34.7187     0.2255 17978400.0 299640.000 4994.00000 520.041678  0.000e+00
  28.991514    113.652    34.6966     0.1531 17979300.0 299655.000 4994.25000 520.052095  0.000e+00
  28.945124    113.689    34.6927     0.1023 17980200.0 299670.000 4994.50000 520.062512  0.000e+00
  28.914636    113.757    34.6849     0.0735 17981100.0 299685.000 4994.75000 520.072928  0.000e+00
  28.745095    113.836    34.6729    -0.1145 17982000.0 299700.000 4995.00000 520.083345  0.000e+00
  28.330211    113.890    34.6207    -0.5568 17982900.0 299715.000 4995.25000 520.093762  0.000e+00
  28.464674    113.909    34.5763    -0.3593 17983800.0 299730.000 4995.50000 520.104178  0.000e+00
  28.566904    113.945    34.6328    -0.2886 17984700.0 299745.000 4995.75000 520.114595  0.000e+00
  28.533580    113.956    34.6408    -0.3349 17985600.0 299760.000 4996.00000 520.125012  0.000e+00
  28.852947    113.997    34.6762     0.0089 17986500.0 299775.000 4996.25000 520.135428  0.000e+00
  29.084608    114.031    34.6735     0.2821 17987400.0 299790.000 4996.50000 520.145845  0.000e+00
  28.701445    114.085    34.6687    -0.1622 17988300.0 299805.000 4996.75000 520.156262  0.000e+00
  28.499057    114.038    34.5237    -0.2725 17989200.0 299820.000 4997.00000 520.166678  0.000e+00
  28.949401    114.018    34.7325     0.0720 17990100.0 299835.000 4997.25000 520.177095  0.000e+00
  29.046780    114.021    34.6920     0.2215 17991000.0 299850.000 4997.50000 520.187512  0.000e+00
  29.017177    114.011    34.7007     0.1793 17991900.0 299865.000 4997.75000 520.197928  0.000e+00
  28.991975    114.001    34.6658     0.1807 17992800.0 299880.000 4998.00000 520.208345  0.000e+00
  28.809177    114.026    34.6665    -0.0339 17993700.0 299895.000 4998.25000 520.218762  0.000e+00
  28.805372    114.028    34.6672    -0.0390 17994600.0 299910.000 4998.50000 520.229178  0.000e+00
  29.020182    113.973    34.6812     0.2001 17995500.0 299925.000 4998.75000 520.239595  0.000e+00
  29.231998    113.921    34.7099     0.4217 17996400.0 299940.000 4999.00000 520.250012  0.000e+00
  29.333741    113.854    34.7250     0.5268 17997300.0 299955.000 4999.25000 520.260428  0.000e+00
  29.310179    113.824    34.7356     0.4900 17998200.0 299970.000 4999.50000 520.270845  0.000e+00
  29.325614    113.807    34.7149     0.5263 17999100.0 299985.000 4999.75000 520.281262  0.000e+00
