data/moored_CTD_test_data/raw_data/AT200_21_22_SBE37_15252_113m.cnv
* Sea-Bird SBE37SM-RS232  Data File:
* FileName = C:\Users\ceslav\Desktop\Rigg\Data 2022\AT200\Seabirds\15252\SBE37SM-RS232_03715252_2022_10_06.hex
* Software version SeatermV2 2.8.0.119
* Temperature SN = 15252
* Conductivity SN = 15252
* System UpLoad Time = Oct 06 2022 19:36:24
* sample interval = 900 seconds
* <ApplicationData>
# nquan = 9
# nvalues = 31954                                 
# units = specified
# name 0 = cond0mS/cm: Conductivity [mS/cm]
# name 1 = prdM: Pressure, Strain Gauge [db]
# name 2 = sal00: Salinity, Practical [PSU]
# name 3 = tv290C: Temperature [ITS-90, deg C]
# name 4 = timeS: Time, Elapsed [seconds]
# name 5 = timeM: Time, Elapsed [minutes]
# name 6 = timeH: Time, Elapsed [hours]
# name 7 = timeJ: Julian Days
# name 8 = flag:  0.000e+00
# span 0 =  -0.007637,  37.209717                 
# span 1 =     -0.605,    117.882                 
# span 2 =     0.0000,    35.3969                 
# span 3 =    -4.2238,    12.4289                 
# span 4 =      0.000, 28757700.0                 
# span 5 =     0.0000, 479295.000                 
# span 6 =    0.00000, 7988.25000                 
# span 7 = 311.958345, 644.802095                 
# span 8 = 0.0000e+00, 0.0000e+00                 
# interval = seconds: 900
# start_time = Nov 07 2021 23:00:01 [Instrument's time stamp, first data scan]
# bad_flag = -9.990e-29
*END*
[from data line 2881]
  30.299951    115.032    34.7903     1.5841 2592900.00 43215.0000  720.25000 341.968762  0.000e+00
  30.341443    115.614    34.7075     1.7064 2593800.00 43230.0000  720.50000 341.979178  0.000e+00
  31.570204    115.692    34.7022     3.1129 2594700.00 43245.0000  720.75000 341.989595  0.000e+00
  31.793042    115.990    34.8669     3.2116 2595600.00 43260.0000  721.00000 342.000012  0.000e+00
  31.562987    115.833    34.7644     3.0470 2596500.00 43275.0000  721.25000 342.010428  0.000e+00
  31.798487    115.757    34.8511     3.2325 2597400.00 43290.0000  721.50000 342.020845  0.000e+00
  31.725674    115.573    34.8396     3.1612 2598300.00 43305.0000  721.75000 342.031262  0.000e+00
  31.694462    115.805    34.8270     3.1376 2599200.00 43320.0000  722.00000 342.041678  0.000e+00
  31.677906    115.593    34.8531     3.0948 2600100.00 43335.0000  722.25000 342.052095  0.000e+00
  31.837343    115.794    34.8544     3.2733 2601000.00 43350.0000  722.50000 342.062512  0.000e+00
  31.955280    116.322    34.8717     3.3897 2601900.00 43365.0000  722.75000 342.072928  0.000e+00
  32.149749    116.052    34.8984     3.5834 2602800.00 43380.0000  723.00000 342.083345  0.000e+00
  32.392526    116.218    34.9359     3.8202 2603700.00 43395.0000  723.25000 342.093762  0.000e+00
  32.347202    115.622    34.9297     3.7757 2604600.00 43410.0000  723.50000 342.104178  0.000e+00
  32.376372    116.254    34.9366     3.8015 2605500.00 43425.0000  723.75000 342.114595  0.000e+00
  32.374141    116.036    34.9312     3.8041 2606400.00 43440.0000  724.00000 342.125012  0.000e+00
  32.186545    116.150    34.9164     3.6079 2607300.00 43455.0000  724.25000 342.135428  0.000e+00
  32.090800    115.792    34.8808     3.5338 2608200.00 43470.0000  724.50000 342.145845  0.000e+00
  32.021570    115.497    34.8761     3.4606 2609100.00 43485.0000  724.75000 342.156262  0.000e+00
  32.002008    115.099    34.9012     3.4154 2610000.00 43500.0000  725.00000 342.166678  0.000e+00
  32.012625    114.788    34.8652     3.4610 2610900.00 43515.0000  725.25000 342.177095  0.000e+00
  31.959296    114.696    34.9026     3.3663 2611800.00 43530.0000  725.50000 342.187512  0.000e+00
  32.075902    114.677    34.8940     3.5054 2612700.00 43545.0000  725.75000 342.197928  0.000e+00
  31.750732    114.735    34.8409     3.1887 2613600.00 43560.0000  726.00000 342.208345  0.000e+00
  31.583939    114.565    34.8216     3.0183 2614500.00 43575.0000  726.25000 342.218762  0.000e+00
  31.595940    114.488    34.8259     3.0280 2615400.00 43590.0000  726.50000 342.229178  0.000e+00
  31.686926    114.297    34.8284     3.1285 2616300.00 43605.0000  726.75000 342.239595  0.000e+00
  32.011244    114.150    34.8805     3.4455 2617200.00 43620.0000  727.00000 342.250012  0.000e+00
  32.167595    114.023    34.8714     3.6297 2618100.00 43635.0000  727.25000 342.260428  0.000e+00
  32.179081    113.911    34.9023     3.6138 2619000.00 43650.0000  727.50000 342.270845  0.000e+00
  32.228945    113.847    34.9196     3.6536 2619900.00 43665.0000  727.75000 342.281262  0.000e+00
  32.144633    113.768    34.9037     3.5739 2620800.00 43680.0000  728.00000 342.291678  0.000e+00
  32.187319    113.725    34.9049     3.6207 2621700.00 43695.0000  728.25000 342.302095  0.000e+00
  32.179621    113.702    34.8971     3.6194 2622600.00 43710.0000  728.50000 342.312512  0.000e+00
  32.175232    113.651    34.9044     3.6077 2623500.00 43725.0000  728.75000 342.322928  0.000e+00
  32.118851    113.634    34.9017     3.5470 2624400.00 43740.0000  729.00000 342.333345  0.000e+00
  32.056443    113.580    34.8933     3.4847 2625300.00 43755.0000  729.25000 342.343762  0.000e+00
  32.078720    113.555    34.8724     3.5292 2626200.00 43770.0000  729.50000 342.354178  0.000e+00
  32.142649    113.541    34.9160     3.5604 2627100.00 43785.0000  729.75000 342.364595  0.000e+00
  32.109777    113.529    34.8959     3.5422 2628000.00 43800.0000  730.00000 342.375012  0.000e+00
  32.217693    113.532    34.9162     3.6443 2628900.00 43815.0000  730.25000 342.385428  0.000e+00
  32.144752    113.566    34.8993     3.5782 2629800.00 43830.0000  730.50000 342.395845  0.000e+00
  32.024267    113.722    34.8956     3.4463 2630700.00 43845.0000  730.75000 342.406262  0.000e+00
  32.018445    113.744    34.8829     3.4516 2631600.00 43860.0000  731.00000 342.416678  0.000e+00
  32.064429    113.864    34.8875     3.4989 2632500.00 43875.0000  731.25000 342.427095  0.000e+00
  31.958032    114.065    34.8711     3.3945 2633400.00 43890.0000  731.50000 342.437512  0.000e+00
  31.957792    114.084    34.8696     3.3956 2634300.00 43905.0000  731.75000 342.447928  0.000e+00
  31.812430    114.243    34.8501     3.2500 2635200.00 43920.0000  732.00000 342.458345  0.000e+00
  32.005304    114.218    34.8815     3.4379 2636100.00 43935.0000  732.25000 342.468762  0.000e+00
  31.985325    114.665    34.8651     3.4304 2637000.00 43950.0000  732.50000 342.479178  0.000e+00
  31.966790    114.646    34.8632     3.4114 2637900.00 43965.0000  732.75000 342.489595  0.000e+00
  31.873398    114.927    34.8590     3.3101 2638800.00 43980.0000  733.00000 342.500012  0.000e+00
  31.907074    114.886    34.8606     3.3465 2639700.00 43995.0000  733.25000 342.510428  0.000e+00
  31.613859    115.374    34.8538     3.0219 2640600.00 44010.0000  733.50000 342.520845  0.000e+00
  31.488834    115.566    34.7908     2.9387 2641500.00 44025.0000  733.75000 342.531262  0.000e+00
  31.485972    115.367    34.8045     2.9229 2642400.00 44040.0000  734.00000 342.541678  0.000e+00
  31.493068    115.229    34.8052     2.9304 2643300.00 44055.0000  734.25000 342.552095  0.000e+00
  31.508036    114.951    34.8063     2.9464 2644200.00 44070.0000  734.50000 342.562512  0.000e+00
  31.369774    114.895    34.7567     2.8356 2645100.00 44085.0000  734.75000 342.572928  0.000e+00
  31.440726    115.082    34.8152     2.8620 2646000.00 44100.0000  735.00000 342.583345  0.000e+00
  31.538282    115.036    34.8091     2.9780 2646900.00 44115.0000  735.25000 342.593762  0.000e+00
  31.203514    114.834    34.7207     2.6801 2647800.00 44130.0000  735.50000 342.604178  0.000e+00
  31.659256    114.925    34.8190     3.1057 2648700.00 44145.0000  735.75000 342.614595  0.000e+00
  31.431725    115.002    34.7858     2.8790 2649600.00 44160.0000  736.00000 342.625012  0.000e+00
  31.341081    115.177    34.7827     2.7790 2650500.00 44175.0000  736.25000 342.635428  0.000e+00
  31.386749    115.467    34.7885     2.8252 2651400.00 44190.0000  736.50000 342.645845  0.000e+00
  31.355011    115.450    34.7824     2.7949 2652300.00 44205.0000  736.75000 342.656262  0.000e+00
  31.438879    115.566    34.7938     2.8794 2653200.00 44220.0000  737.00000 342.666678  0.000e+00
  31.292108    115.291    34.7760     2.7295 2654100.00 44235.0000  737.25000 342.677095  0.000e+00
  31.249287    115.189    34.7650     2.6911 2655000.00 44250.0000  737.50000 342.687512  0.000e+00
  31.220396    114.743    34.7726     2.6515 2655900.00 44265.0000  737.75000 342.697928  0.000e+00
  31.486385    114.624    34.7737     2.9522 2656800.00 44280.0000  738.00000 342.708345  0.000e+00
  31.857942    114.560    34.8659     3.2864 2657700.00 44295.0000  738.25000 342.718762  0.000e+00
  32.034951    114.459    34.8673     3.4844 2658600.00 44310.0000  738.50000 342.729178  0.000e+00
  31.888614    114.368    34.8494     3.3364 2659500.00 44325.0000  738.75000 342.739595  0.000e+00
  32.105154    114.309    34.8984     3.5343 2660400.00 44340.0000  739.00000 342.750012  0.000e+00
  32.114166    114.229    34.9001     3.5428 2661300.00 44355.0000  739.25000 342.760428  0.000e+00
  32.137722    114.085    34.9010     3.5686 2662200.00 44370.0000  739.50000 342.770845  0.000e+00
  32.191048    113.997    34.9063     3.6234 2663100.00 44385.0000  739.75000 342.781262  0.000e+00
  32.222387    113.909    34.9118     3.6535 2664000.00 44400.0000  740.00000 342.791678  0.000e+00
  32.190748    113.855    34.9178     3.6124 2664900.00 44415.0000  740.25000 342.802095  0.000e+00
  32.208251    113.792    34.9312     3.6196 2665800.00 44430.0000  740.50000 342.812512  0.000e+00
  32.214385    113.742    34.9105     3.6458 2666700.00 44445.0000  740.75000 342.822928  0.000e+00
  32.198806    113.719    34.9173     3.6220 2667600.00 44460.0000  741.00000 342.833345  0.000e+00
  32.194777    113.707    34.9194     3.6156 2668500.00 44475.0000  741.25000 342.843762  0.000e+00
  32.214084    113.682    34.9147     3.6416 2669400.00 44490.0000  741.50000 342.854178  0.000e+00
  32.213904    113.649    34.9144     3.6417 2670300.00 44505.0000  741.75000 342.864595  0.000e+00
  32.210356    113.637    34.9350     3.6185 2671200.00 44520.0000  742.00000 342.875012  0.000e+00
  32.162365    113.612    34.8974     3.5998 2672100.00 44535.0000  742.25000 342.885428  0.000e+00
  32.034347    113.632    34.8511     3.4992 2673000.00 44550.0000  742.50000 342.895845  0.000e+00
  31.821468    113.633    34.8459     3.2644 2673900.00 44565.0000  742.75000 342.906262  0.000e+00
  31.884060    113.708    34.8675     3.3148 2674800.00 44580.0000  743.00000 342.916678  0.000e+00
  31.624065    113.780    34.8225     3.0633 2675700.00 44595.0000  743.25000 342.927095  0.000e+00
  31.326318    113.910    34.8002     2.7467 2676600.00 44610.0000  743.50000 342.937512  0.000e+00
  31.286158    114.117    34.8110     2.6912 2677500.00 44625.0000  743.75000 342.947928  0.000e+00
  31.215579    114.106    34.7691     2.6496 2678400.00 44640.0000  744.00000 342.958345  0.000e+00
  31.191157    114.082    34.7726     2.6186 2679300.00 44655.0000  744.25000 342.968762  0.000e+00
  31.362807    114.055    34.7878     2.7994 2680200.00 44670.0000  744.50000 342.979178  0.000e+00
  31.460391    114.058    34.8055     2.8937 2681100.00 44685.0000  744.75000 342.989595  0.000e+00
  31.451213    114.231    34.8139     2.8754 2682000.00 44700.0000  745.00000 343.000012  0.000e+00
  31.420997    114.282    34.7778     2.8745 2682900.00 44715.0000  745.25000 343.010428  0.000e+00
  31.552960    114.418    34.8231     2.9820 2683800.00 44730.0000  745.50000 343.020845  0.000e+00
  31.080011    114.777    34.7616     2.5020 2684700.00 44745.0000  745.75000 343.031262  0.000e+00
  31.021055    114.776    34.7480     2.4474 2685600.00 44760.0000  746.00000 343.041678  0.000e+00
  31.135860    114.581    34.7281     2.5965 2686500.00 44775.0000  746.25000 343.052095  0.000e+00
  30.713745    114.828    34.7066     2.1344 2687400.00 44790.0000  746.50000 343.062512  0.000e+00
  31.002320    114.592    34.7387     2.4346 2688300.00 44805.0000  746.75000 343.072928  0.000e+00
  31.046019    114.739    34.7364     2.4865 2689200.00 44820.0000  747.00000 343.083345  0.000e+00
  31.023780    114.890    34.7125     2.4830 2690100.00 44835.0000  747.25000 343.093762  0.000e+00
  31.223427    115.033    34.7664     2.6605 2691000.00 44850.0000  747.50000 343.104178  0.000e+00
  31.349236    115.141    34.7839     2.7872 2691900.00 44865.0000  747.75000 343.114595  0.000e+00
  30.958825    115.175    34.7310     2.3918 2692800.00 44880.0000  748.00000 343.125012  0.000e+00
  31.129094    115.217    34.7351     2.5820 2693700.00 44895.0000  748.25000 343.135428  0.000e+00
  31.048038    115.312    34.7426     2.4827 2694600.00 44910.0000  748.50000 343.145845  0.000e+00
  31.040268    115.081    34.7443     2.4724 2695500.00 44925.0000  748.75000 343.156262  0.000e+00
  31.119419    115.285    34.7552     2.5524 2696400.00 44940.0000  749.00000 343.166678  0.000e+00
  31.114433    115.321    34.7545     2.5474 2697300.00 44955.0000  749.25000 343.177095  0.000e+00
  31.094074    114.976    34.7537     2.5252 2698200.00 44970.0000  749.50000 343.187512  0.000e+00
  31.059840    114.766    34.7537     2.4863 2699100.00 44985.0000  749.75000 343.197928  0.000e+00
  31.159020    114.692    34.7476     2.6048 2700000.00 45000.0000  750.00000 343.208345  0.000e+00
  31.254638    114.700    34.7739     2.6893 2700900.00 45015.0000  750.25000 343.218762  0.000e+00
  31.332747    114.635    34.7927     2.7606 2701800.00 45030.0000  750.50000 343.229178  0.000e+00
  31.367274    114.579    34.7897     2.8025 2702700.00 45045.0000  750.75000 343.239595  0.000e+00
  31.396217    114.528    34.7965     2.8290 2703600.00 45060.0000  751.00000 343.250012  0.000e+00
  31.414743    114.398    34.8033     2.8439 2704500.00 45075.0000  751.25000 343.260428  0.000e+00
  31.368346    114.250    34.8024     2.7922 2705400.00 45090.0000  751.50000 343.270845  0.000e+00
  31.301383    114.214    34.7422     2.7718 2706300.00 45105.0000  751.75000 343.281262  0.000e+00
  31.524140    114.154    34.8157     2.9563 2707200.00 45120.0000  752.00000 343.291678  0.000e+00
  31.662483    114.073    34.8547     3.0767 2708100.00 45135.0000  752.25000 343.302095  0.000e+00
  31.955153    113.984    34.8723     3.3902 2709000.00 45150.0000  752.50000 343.312512  0.000e+00
  32.051278    113.835    34.8642     3.5059 2709900.00 45165.0000  752.75000 343.322928  0.000e+00
  32.119089    113.764    34.8602     3.5858 2710800.00 45180.0000  753.00000 343.333345  0.000e+00
  31.991384    113.693    34.8998     3.4055 2711700.00 45195.0000  753.25000 343.343762  0.000e+00
  32.072352    113.623    34.8431     3.5493 2712600.00 45210.0000  753.50000 343.354178  0.000e+00
  32.063469    113.611    34.9072     3.4797 2713500.00 45225.0000  753.75000 343.364595  0.000e+00
  32.053622    113.592    34.9110     3.4650 2714400.00 45240.0000  754.00000 343.375012  0.000e+00
  32.054700    113.568    34.8767     3.4982 2715300.00 45255.0000  754.25000 343.385428  0.000e+00
  31.884898    113.542    34.8690     3.3144 2716200.00 45270.0000  754.50000 343.395845  0.000e+00
  31.770593    113.539    34.8556     3.1981 2717100.00 45285.0000  754.75000 343.406262  0.000e+00
  31.728778    113.567    34.8554     3.1511 2718000.00 45300.0000  755.00000 343.416678  0.000e+00
  31.623946    113.588    34.8359     3.0509 2718900.00 45315.0000  755.25000 343.427095  0.000e+00
  31.481793    113.559    34.8144     2.9099 2719800.00 45330.0000  755.50000 343.437512  0.000e+00
  31.448647    113.674    34.7917     2.8934 2720700.00 45345.0000  755.75000 343.447928  0.000e+00
  31.254098    113.731    34.7512     2.7100 2721600.00 45360.0000  756.00000 343.458345  0.000e+00
  31.252554    113.835    34.7721     2.6890 2722500.00 45375.0000  756.25000 343.468762  0.000e+00
  31.075262    113.907    34.7573     2.5010 2723400.00 45390.0000  756.50000 343.479178  0.000e+00
  31.080007    113.878    34.7402     2.5221 2724300.00 45405.0000  756.75000 343.489595  0.000e+00
  31.215579    113.958    34.7651     2.6533 2725200.00 45420.0000  757.00000 343.500012  0.000e+00
  31.146252    114.227    34.7580     2.5809 2726100.00 45435.0000  757.25000 343.510428  0.000e+00
  31.438456    113.879    34.7885     2.8847 2727000.00 45450.0000  757.50000 343.520845  0.000e+00
  31.404376    114.063    34.7922     2.8425 2727900.00 45465.0000  757.75000 343.531262  0.000e+00
  31.330602    113.978    34.7896     2.7613 2728800.00 45480.0000  758.00000 343.541678  0.000e+00
  31.091104    114.037    34.7527     2.5232 2729700.00 45495.0000  758.25000 343.552095  0.000e+00
  31.100717    113.958    34.7351     2.5503 2730600.00 45510.0000  758.50000 343.562512  0.000e+00
  31.044356    114.241    34.7262     2.4942 2731500.00 45525.0000  758.75000 343.572928  0.000e+00
  31.164189    114.264    34.7822     2.5791 2732400.00 45540.0000  759.00000 343.583345  0.000e+00
  30.832849    114.398    34.7264     2.2527 2733300.00 45555.0000  759.25000 343.593762  0.000e+00
  30.770525    114.430    34.6972     2.2082 2734200.00 45570.0000  759.50000 343.604178  0.000e+00
  30.753030    114.426    34.6848     2.1996 2735100.00 45585.0000  759.75000 343.614595  0.000e+00
