data/moored_CTD_test_data/raw_data/AT200_21_22_SBE37_15252_113m.cnv
* Sea-Bird SBE37SM-RS232  Data File:
* FileName = C:\Users\ceslav\Desktop\Rigg\Data 2022\AT200\Seabirds\15252\SBE37SM-RS232_03715252_2022_10_06.hex
* Software version SeatermV2 2.8.0.119
* Temperature SN = 15252
* Conductivity SN = 15252
* System UpLoad Time = Oct 06 2022 19:36:24
* sample interval = 900 seconds
* <ApplicationData>
# nquan = 9
# nvalues = 31954                                 
# units = specified
# name 0 = cond0mS/cm: Conductivity [mS/cm]
# name 1 = prdM: Pressure, Strain Gauge [db]
# name 2 = sal00: Salinity, Practical [PSU]
# name 3 = tv290C: Temperature [ITS-90, deg C]
# name 4 = timeS: Time, Elapsed [seconds]
# name 5 = timeM: Time, Elapsed [minutes]
# name 6 = timeH: Time, Elapsed [hours]
# name 7 = timeJ: Julian Days
# name 8 = flag:  0.000e+00
# span 0 =  -0.007637,  37.209717                 
# span 1 =     -0.605,    117.882                 
# span 2 =     0.0000,    35.3969                 
# span 3 =    -4.2238,    12.4289                 
# span 4 =      0.000, 28757700.0                 
# span 5 =     0.0000, 479295.000                 
# span 6 =    0.00000, 7988.25000                 
# span 7 = 311.958345, 644.802095                 
# span 8 = 0.0000e+00, 0.0000e+00                 
# interval = seconds: 900
# start_time = Nov 07 2021 23:00:01 [Instrument's time stamp, first data scan]
# bad_flag = -9.990e-29
*END*
[from data line 23041]
  28.641421    113.404    34.6694    -0.2329 20736900.0 345615.000 5760.25000 551.968762  0.000e+00
  28.384026    113.437    34.6422    -0.5119 20737800.0 345630.000 5760.50000 551.979178  0.000e+00
  28.372734    113.450    34.6569    -0.5381 20738700.0 345645.000 5760.75000 551.989595  0.000e+00
  28.357602    113.482    34.6474    -0.5477 20739600.0 345660.000 5761.00000 552.000012  0.000e+00
  28.294585    113.521    34.6454    -0.6203 20740500.0 345675.000 5761.25000 552.010428  0.000e+00
  28.247529    113.554    34.6445    -0.6750 20741400.0 345690.000 5761.50000 552.020845  0.000e+00
  28.130930    113.576    34.6287    -0.7991 20742300.0 345705.000 5761.75000 552.031262  0.000e+00
  28.160592    113.668    34.6261    -0.7618 20743200.0 345720.000 5762.00000 552.041678  0.000e+00
  28.223326    113.796    34.6329    -0.6936 20744100.0 345735.000 5762.25000 552.052095  0.000e+00
  28.226015    113.943    34.6323    -0.6900 20745000.0 345750.000 5762.50000 552.062512  0.000e+00
  28.235113    114.104    34.6357    -0.6824 20745900.0 345765.000 5762.75000 552.072928  0.000e+00
  28.234999    114.227    34.6338    -0.6808 20746800.0 345780.000 5763.00000 552.083345  0.000e+00
  28.274432    114.196    34.6223    -0.6242 20747700.0 345795.000 5763.25000 552.093762  0.000e+00
  28.287428    114.300    34.6179    -0.6051 20748600.0 345810.000 5763.50000 552.104178  0.000e+00
  28.309533    114.341    34.6158    -0.5772 20749500.0 345825.000 5763.75000 552.114595  0.000e+00
  28.312455    114.483    34.6164    -0.5743 20750400.0 345840.000 5764.00000 552.125012  0.000e+00
  28.292067    114.479    34.6116    -0.5942 20751300.0 345855.000 5764.25000 552.135428  0.000e+00
  28.287028    114.473    34.6105    -0.5992 20752200.0 345870.000 5764.50000 552.145845  0.000e+00
  28.291036    114.442    34.6116    -0.5954 20753100.0 345885.000 5764.75000 552.156262  0.000e+00
  28.267734    114.570    34.6067    -0.6187 20754000.0 345900.000 5765.00000 552.166678  0.000e+00
  28.280958    114.571    34.6064    -0.6028 20754900.0 345915.000 5765.25000 552.177095  0.000e+00
  28.279184    114.553    34.6079    -0.6062 20755800.0 345930.000 5765.50000 552.187512  0.000e+00
  28.304894    114.465    34.6137    -0.5809 20756700.0 345945.000 5765.75000 552.197928  0.000e+00
  28.262125    114.714    34.6039    -0.6230 20757600.0 345960.000 5766.00000 552.208345  0.000e+00
  28.275176    114.609    34.6072    -0.6104 20758500.0 345975.000 5766.25000 552.218762  0.000e+00
  28.291494    114.598    34.6085    -0.5922 20759400.0 345990.000 5766.50000 552.229178  0.000e+00
  28.287371    114.578    34.6081    -0.5967 20760300.0 346005.000 5766.75000 552.239595  0.000e+00
  28.302776    114.496    34.6163    -0.5857 20761200.0 346020.000 5767.00000 552.250012  0.000e+00
  28.350210    114.384    34.6277    -0.5396 20762100.0 346035.000 5767.25000 552.260428  0.000e+00
  28.438168    114.140    34.6459    -0.4518 20763000.0 346050.000 5767.50000 552.270845  0.000e+00
  28.423884    114.134    34.6437    -0.4667 20763900.0 346065.000 5767.75000 552.281262  0.000e+00
  28.382596    114.105    34.6536    -0.5239 20764800.0 346080.000 5768.00000 552.291678  0.000e+00
  28.255657    114.141    34.6349    -0.6574 20765700.0 346095.000 5768.25000 552.302095  0.000e+00
  28.366717    114.007    34.6572    -0.5458 20766600.0 346110.000 5768.50000 552.312512  0.000e+00
  28.332104    113.886    34.6551    -0.5847 20767500.0 346125.000 5768.75000 552.322928  0.000e+00
  28.338807    113.816    34.6536    -0.5754 20768400.0 346140.000 5769.00000 552.333345  0.000e+00
  28.370270    113.736    34.6648    -0.5480 20769300.0 346155.000 5769.25000 552.343762  0.000e+00
  28.288746    113.702    34.6522    -0.6332 20770200.0 346170.000 5769.50000 552.354178  0.000e+00
  28.293383    113.645    34.6464    -0.6226 20771100.0 346185.000 5769.75000 552.364595  0.000e+00
  28.412355    113.609    34.6675    -0.5008 20772000.0 346200.000 5770.00000 552.375012  0.000e+00
  28.443266    113.579    34.5307    -0.3443 20772900.0 346215.000 5770.25000 552.385428  0.000e+00
  28.525251    113.556    34.6618    -0.3628 20773800.0 346230.000 5770.50000 552.395845  0.000e+00
  28.499810    113.533    34.6557    -0.3874 20774700.0 346245.000 5770.75000 552.406262  0.000e+00
  28.611974    113.497    34.6657    -0.2643 20775600.0 346260.000 5771.00000 552.416678  0.000e+00
  28.632446    113.497    34.6382    -0.2161 20776500.0 346275.000 5771.25000 552.427095  0.000e+00
  28.552021    113.474    34.6575    -0.3276 20777400.0 346290.000 5771.50000 552.437512  0.000e+00
  28.682449    113.452    34.6894    -0.2023 20778300.0 346305.000 5771.75000 552.447928  0.000e+00
  28.555754    113.457    34.6244    -0.2941 20779200.0 346320.000 5772.00000 552.458345  0.000e+00
  28.418952    113.483    34.6918    -0.5141 20780100.0 346335.000 5772.25000 552.468762  0.000e+00
  28.291150    113.496    34.6559    -0.6335 20781000.0 346350.000 5772.50000 552.479178  0.000e+00
  28.248616    113.481    34.6390    -0.6689 20781900.0 346365.000 5772.75000 552.489595  0.000e+00
  28.275805    113.467    34.6440    -0.6412 20782800.0 346380.000 5773.00000 552.500012  0.000e+00
  28.317094    113.492    34.6648    -0.6106 20783700.0 346395.000 5773.25000 552.510428  0.000e+00
  28.414648    113.555    34.6441    -0.4776 20784600.0 346410.000 5773.50000 552.520845  0.000e+00
  28.504634    113.533    34.6687    -0.3932 20785500.0 346425.000 5773.75000 552.531262  0.000e+00
  28.328322    113.618    34.6462    -0.5812 20786400.0 346440.000 5774.00000 552.541678  0.000e+00
  28.282046    113.663    34.6430    -0.6330 20787300.0 346455.000 5774.25000 552.552095  0.000e+00
  28.247987    113.727    34.6374    -0.6684 20788200.0 346470.000 5774.50000 552.562512  0.000e+00
  28.241749    113.813    34.6304    -0.6697 20789100.0 346485.000 5774.75000 552.572928  0.000e+00
  28.244554    113.949    34.6266    -0.6631 20790000.0 346500.000 5775.00000 552.583345  0.000e+00
  28.324025    114.096    34.6282    -0.5708 20790900.0 346515.000 5775.25000 552.593762  0.000e+00
  28.318755    114.168    34.6220    -0.5717 20791800.0 346530.000 5775.50000 552.604178  0.000e+00
  28.329009    114.224    34.6253    -0.5625 20792700.0 346545.000 5775.75000 552.614595  0.000e+00
  28.357144    114.236    34.6284    -0.5320 20793600.0 346560.000 5776.00000 552.625012  0.000e+00
  28.359551    114.271    34.6283    -0.5291 20794500.0 346575.000 5776.25000 552.635428  0.000e+00
  28.345969    114.316    34.6277    -0.5446 20795400.0 346590.000 5776.50000 552.645845  0.000e+00
  28.355597    114.364    34.6298    -0.5351 20796300.0 346605.000 5776.75000 552.656262  0.000e+00
  28.334968    114.463    34.6223    -0.5529 20797200.0 346620.000 5777.00000 552.666678  0.000e+00
  28.327864    114.519    34.6201    -0.5594 20798100.0 346635.000 5777.25000 552.677095  0.000e+00
  28.344766    114.446    34.6237    -0.5426 20799000.0 346650.000 5777.50000 552.687512  0.000e+00
  28.380990    114.426    34.6316    -0.5068 20799900.0 346665.000 5777.75000 552.697928  0.000e+00
  28.426122    114.603    34.6428    -0.4634 20800800.0 346680.000 5778.00000 552.708345  0.000e+00
  28.420845    114.690    34.6418    -0.4689 20801700.0 346695.000 5778.25000 552.718762  0.000e+00
  28.480409    114.775    34.6600    -0.4147 20802600.0 346710.000 5778.50000 552.729178  0.000e+00
  28.484196    114.633    34.6498    -0.4012 20803500.0 346725.000 5778.75000 552.739595  0.000e+00
  28.462615    114.342    34.6693    -0.4436 20804400.0 346740.000 5779.00000 552.750012  0.000e+00
  28.300716    114.218    34.6585    -0.6248 20805300.0 346755.000 5779.25000 552.760428  0.000e+00
  28.412299    114.185    34.6584    -0.4932 20806200.0 346770.000 5779.50000 552.770845  0.000e+00
  28.655747    114.143    34.6570    -0.2055 20807100.0 346785.000 5779.75000 552.781262  0.000e+00
  28.517212    114.233    34.6574    -0.3688 20808000.0 346800.000 5780.00000 552.791678  0.000e+00
  28.936810    114.061    34.7031     0.0832 20808900.0 346815.000 5780.25000 552.802095  0.000e+00
  28.867314    113.987    34.7131    -0.0069 20809800.0 346830.000 5780.50000 552.812512  0.000e+00
  28.751090    113.922    34.7291    -0.1570 20810700.0 346845.000 5780.75000 552.822928  0.000e+00
  28.712500    113.847    34.6939    -0.1712 20811600.0 346860.000 5781.00000 552.833345  0.000e+00
  28.598348    113.758    34.6815    -0.2943 20812500.0 346875.000 5781.25000 552.843762  0.000e+00
  28.702539    113.688    34.6816    -0.1720 20813400.0 346890.000 5781.50000 552.854178  0.000e+00
  28.706167    113.654    34.7018    -0.1855 20814300.0 346905.000 5781.75000 552.864595  0.000e+00
  28.655460    113.600    34.6953    -0.2393 20815200.0 346920.000 5782.00000 552.875012  0.000e+00
  28.630493    113.565    34.6784    -0.2538 20816100.0 346935.000 5782.25000 552.885428  0.000e+00
  28.616230    113.498    34.6838    -0.2752 20817000.0 346950.000 5782.50000 552.895845  0.000e+00
  28.635670    113.492    34.6864    -0.2546 20817900.0 346965.000 5782.75000 552.906262  0.000e+00
  28.649591    113.491    34.6782    -0.2311 20818800.0 346980.000 5783.00000 552.916678  0.000e+00
  28.655460    113.453    34.6955    -0.2393 20819700.0 346995.000 5783.25000 552.927095  0.000e+00
  28.617955    113.435    34.6855    -0.2746 20820600.0 347010.000 5783.50000 552.937512  0.000e+00
  28.604384    113.430    34.6738    -0.2803 20821500.0 347025.000 5783.75000 552.947928  0.000e+00
  28.618818    113.398    34.6864    -0.2743 20822400.0 347040.000 5784.00000 552.958345  0.000e+00
  28.601797    113.412    34.6807    -0.2894 20823300.0 347055.000 5784.25000 552.968762  0.000e+00
  28.586447    113.381    34.6776    -0.3047 20824200.0 347070.000 5784.50000 552.979178  0.000e+00
  28.499296    113.457    34.7045    -0.4307 20825100.0 347085.000 5784.75000 552.989595  0.000e+00
  28.506300    113.446    34.6875    -0.4076 20826000.0 347100.000 5785.00000 553.000012  0.000e+00
  28.515085    113.440    34.6703    -0.3822 20826900.0 347115.000 5785.25000 553.010428  0.000e+00
  28.569032    113.475    34.6746    -0.3225 20827800.0 347130.000 5785.50000 553.020845  0.000e+00
  28.551506    113.500    34.6847    -0.3520 20828700.0 347145.000 5785.75000 553.031262  0.000e+00
  28.653503    113.602    34.6785    -0.2269 20829600.0 347160.000 5786.00000 553.041678  0.000e+00
  28.615368    113.616    34.6782    -0.2713 20830500.0 347175.000 5786.25000 553.052095  0.000e+00
  28.597601    113.684    34.6914    -0.3039 20831400.0 347190.000 5786.50000 553.062512  0.000e+00
  28.672723    113.724    34.6874    -0.2122 20832300.0 347205.000 5786.75000 553.072928  0.000e+00
  28.595187    113.956    34.6819    -0.2985 20833200.0 347220.000 5787.00000 553.083345  0.000e+00
  28.594095    114.141    34.6854    -0.3029 20834100.0 347235.000 5787.25000 553.093762  0.000e+00
  28.640791    114.084    34.6886    -0.2509 20835000.0 347250.000 5787.50000 553.104178  0.000e+00
  28.618877    114.214    34.6778    -0.2672 20835900.0 347265.000 5787.75000 553.114595  0.000e+00
  28.756792    114.266    34.6911    -0.1171 20836800.0 347280.000 5788.00000 553.125012  0.000e+00
  28.451252    114.396    34.6593    -0.4482 20837700.0 347295.000 5788.25000 553.135428  0.000e+00
  28.400944    114.455    34.6523    -0.5014 20838600.0 347310.000 5788.50000 553.145845  0.000e+00
  28.420215    114.463    34.6599    -0.4854 20839500.0 347325.000 5788.75000 553.156262  0.000e+00
  28.418436    114.302    34.6591    -0.4867 20840400.0 347340.000 5789.00000 553.166678  0.000e+00
  28.416199    114.383    34.6552    -0.4859 20841300.0 347355.000 5789.25000 553.177095  0.000e+00
  28.350956    114.434    34.6448    -0.5538 20842200.0 347370.000 5789.50000 553.187512  0.000e+00
  28.548002    114.361    34.6614    -0.3362 20843100.0 347385.000 5789.75000 553.197928  0.000e+00
  28.802030    114.351    34.6803    -0.0546 20844000.0 347400.000 5790.00000 553.208345  0.000e+00
  28.606802    114.304    34.6771    -0.2808 20844900.0 347415.000 5790.25000 553.218762  0.000e+00
  28.830283    114.322    34.6943    -0.0338 20845800.0 347430.000 5790.50000 553.229178  0.000e+00
  28.692870    114.471    34.6917    -0.1927 20846700.0 347445.000 5790.75000 553.239595  0.000e+00
  28.581739    114.628    34.7121    -0.3411 20847600.0 347460.000 5791.00000 553.250012  0.000e+00
  28.533124    114.557    34.6792    -0.3694 20848500.0 347475.000 5791.25000 553.260428  0.000e+00
  28.548922    114.398    34.6732    -0.3454 20849400.0 347490.000 5791.50000 553.270845  0.000e+00
  28.588175    114.312    34.6847    -0.3094 20850300.0 347505.000 5791.75000 553.281262  0.000e+00
  28.461696    114.256    34.6685    -0.4439 20851200.0 347520.000 5792.00000 553.291678  0.000e+00
  28.533640    114.231    34.6763    -0.3661 20852100.0 347535.000 5792.25000 553.302095  0.000e+00
  28.419525    114.024    34.6605    -0.4864 20853000.0 347550.000 5792.50000 553.312512  0.000e+00
  28.582885    113.964    34.6798    -0.3111 20853900.0 347565.000 5792.75000 553.322928  0.000e+00
  29.012208    113.894    34.7407     0.1382 20854800.0 347580.000 5793.00000 553.333345  0.000e+00
  29.115917    113.906    34.7079     0.2882 20855700.0 347595.000 5793.25000 553.343762  0.000e+00
  29.357078    113.808    34.7197     0.5586 20856600.0 347610.000 5793.50000 553.354178  0.000e+00
  29.472473    113.726    34.7374     0.6770 20857500.0 347625.000 5793.75000 553.364595  0.000e+00
  29.406215    113.689    34.7572     0.5825 20858400.0 347640.000 5794.00000 553.375012  0.000e+00
  29.791486    113.634    34.8715     0.9267 20859300.0 347655.000 5794.25000 553.385428  0.000e+00
  30.037136    113.590    34.8035     1.2708 20860200.0 347670.000 5794.50000 553.395845  0.000e+00
  30.060860    113.570    34.8122     1.2903 20861100.0 347685.000 5794.75000 553.406262  0.000e+00
  30.072987    113.533    34.8032     1.3123 20862000.0 347700.000 5795.00000 553.416678  0.000e+00
  30.003817    113.514    34.7734     1.2595 20862900.0 347715.000 5795.25000 553.427095  0.000e+00
  30.058926    113.490    34.8146     1.2859 20863800.0 347730.000 5795.50000 553.437512  0.000e+00
  30.070702    113.465    34.8062     1.3070 20864700.0 347745.000 5795.75000 553.447928  0.000e+00
  30.138110    113.451    34.8125     1.3789 20865600.0 347760.000 5796.00000 553.458345  0.000e+00
  30.165970    113.417    34.8285     1.3965 20866500.0 347775.000 5796.25000 553.468762  0.000e+00
  30.205048    113.398    34.8175     1.4514 20867400.0 347790.000 5796.50000 553.479178  0.000e+00
  30.257008    113.376    34.8515     1.4804 20868300.0 347805.000 5796.75000 553.489595  0.000e+00
  30.251310    113.372    34.8313     1.4921 20869200.0 347820.000 5797.00000 553.500012  0.000e+00
  30.200996    113.355    34.7877     1.4736 20870100.0 347835.000 5797.25000 553.510428  0.000e+00
  30.157406    113.380    34.8247     1.3902 20871000.0 347850.000 5797.50000 553.520845  0.000e+00
  29.911083    113.383    34.7882     1.1393 20871900.0 347865.000 5797.75000 553.531262  0.000e+00
  29.746770    113.407    34.7764     0.9601 20872800.0 347880.000 5798.00000 553.541678  0.000e+00
  29.643499    113.437    34.7975     0.8218 20873700.0 347895.000 5798.25000 553.552095  0.000e+00
  29.982454    113.405    34.8026     1.2086 20874600.0 347910.000 5798.50000 553.562512  0.000e+00
  29.844512    113.461    34.7961     1.0554 20875500.0 347925.000 5798.75000 553.572928  0.000e+00
  29.667277    113.515    34.7664     0.8770 20876400.0 347940.000 5799.00000 553.583345  0.000e+00
  29.257858    113.570    34.7581     0.4093 20877300.0 347955.000 5799.25000 553.593762  0.000e+00
  28.852316    113.664    34.7506    -0.0573 20878200.0 347970.000 5799.50000 553.604178  0.000e+00
  28.634980    113.830    34.6838    -0.2533 20879100.0 347985.000 5799.75000 553.614595  0.000e+00
